Mean = 3383.500000 
Variance =  9055262.000000
